# gives defined parameters for phonopy calculation
DIM=2 2 1
BAND=0 0 0  0.5 0 0  0.6666667 0.33333 0  0 0 0
BAND_POINTS=101
MP = 31 31 31
